{
    "deviceCalibrations": [
        {
            "source": 0,
            "date": "02:15AM on October 17, 2019",
            "baseline": 0.06025524040930924,
            "cameras": [
                {
                    "distCoeffs": [
                        -0.4190953601225974,
                        0.2240651665928938,
                        -0.0007790487036826266,
                        0.0017493552291290137,
                        -0.07199969297523234
                    ],
                    "cameraMatrix": [
                        422.7070853737521,
                        0.0,
                        337.62627277440225,
                        0.0,
                        423.77346240902466,
                        252.5198387120691,
                        0.0,
                        0.0,
                        1.0
                    ],
                    "rectificationMatrix": [
                        0.9996640878260229,
                        -0.001859430587955312,
                        -0.025850609835249047,
                        0.0020464270398362753,
                        0.9999719196623648,
                        0.007209162443420842,
                        0.02583647900423596,
                        -0.007259642184955032,
                        0.9996398221099487
                    ],
                    "newCameraMatrix": [
                        423.9143914664696,
                        0.0,
                        333.350980758667,
                        0.0,
                        0.0,
                        423.9143914664696,
                        272.47246742248535,
                        0.0,
                        0.0,
                        0.0,
                        1.0,
                        0.0
                    ]
                },
                {
                    "distCoeffs": [
                        -0.4109254239511786,
                        0.19951273559666613,
                        -0.0007628891089678736,
                        0.0007899429892778867,
                        -0.052800673622629676
                    ],
                    "cameraMatrix": [
                        422.8437971144527,
                        0.0,
                        334.7284159084314,
                        0.0,
                        424.0553205239146,
                        256.6684313633458,
                        0.0,
                        0.0,
                        1.0
                    ],
                    "rectificationMatrix": [
                        0.9999969140693101,
                        -0.0008612871337682815,
                        0.002330243834846068,
                        0.000878123941532367,
                        0.9999734487737514,
                        -0.00723399238822138,
                        -0.002323951419445044,
                        0.0072360163075232435,
                        0.9999711192418496
                    ],
                    "newCameraMatrix": [
                        423.9143914664696,
                        0.0,
                        333.350980758667,
                        -25.543142395145182,
                        0.0,
                        423.9143914664696,
                        272.47246742248535,
                        0.0,
                        0.0,
                        0.0,
                        1.0,
                        0.0
                    ]
                }
            ]
        },
        {
            "source": 1,
            "date": "02:15AM on October 17, 2019",
            "baseline": 0.060207258196246394,
            "cameras": [
                {
                    "distCoeffs": [
                        -0.4219782556782933,
                        0.2335652553615134,
                        -0.0008769770958099829,
                        -0.0009052871922069898,
                        -0.08029518476926502
                    ],
                    "cameraMatrix": [
                        425.50027450519553,
                        0.0,
                        347.9089592160759,
                        0.0,
                        426.73342067446146,
                        261.8473442192701,
                        0.0,
                        0.0,
                        1.0
                    ],
                    "rectificationMatrix": [
                        0.9999278032565605,
                        0.0018092952980138844,
                        0.011879171900171936,
                        -0.0018397228087089215,
                        0.9999950539251588,
                        0.00255098906422276,
                        -0.011874497652379483,
                        -0.0025726592746130846,
                        0.9999261861406372
                    ],
                    "newCameraMatrix": [
                        425.2480610791429,
                        0.0,
                        330.6207580566406,
                        0.0,
                        0.0,
                        425.2480610791429,
                        278.12621307373047,
                        0.0,
                        0.0,
                        0.0,
                        1.0,
                        0.0
                    ]
                },
                {
                    "distCoeffs": [
                        -0.41685700701838546,
                        0.21525910378519317,
                        -0.00010686880049203446,
                        -0.0026619179462650656,
                        -0.06515712767305316
                    ],
                    "cameraMatrix": [
                        423.02740082455756,
                        0.0,
                        363.17405190985886,
                        0.0,
                        423.76270148382423,
                        257.3682826313023,
                        0.0,
                        0.0,
                        1.0
                    ],
                    "rectificationMatrix": [
                        0.9990852874846899,
                        0.0065700758843441846,
                        0.042254259365279864,
                        -0.006461779614554598,
                        0.999975479999034,
                        -0.0026990377756067356,
                        -0.04227095617379986,
                        0.002423531220179435,
                        0.9991032442948914
                    ],
                    "newCameraMatrix": [
                        425.2480610791429,
                        0.0,
                        330.6207580566406,
                        -25.626460655129456,
                        0.0,
                        425.2480610791429,
                        278.12621307373047,
                        0.0,
                        0.0,
                        0.0,
                        1.0,
                        0.0
                    ]
                }
            ]
        }
    ]
}