{
    "deviceCalibrations": [
        {
            "source": 0,
            "date": "02:17AM on October 17, 2019",
            "baseline": 0.06045374682444003,
            "cameras": [
                {
                    "distCoeffs": [
                        -0.42546530160691604,
                        0.2401183344041914,
                        0.0001858003785191391,
                        0.001249936846885937,
                        -0.08430711770388512
                    ],
                    "cameraMatrix": [
                        425.7942402379323,
                        0.0,
                        337.7840329179372,
                        0.0,
                        426.500244578574,
                        250.4341328399238,
                        0.0,
                        0.0,
                        1.0
                    ],
                    "rectificationMatrix": [
                        0.9998095404321808,
                        0.0015844740057266759,
                        -0.019451794336683304,
                        -0.0014648165384727803,
                        0.9999799283051013,
                        0.006164194954181592,
                        0.01946117091287328,
                        -0.006134527614227318,
                        0.9997917935238568
                    ],
                    "newCameraMatrix": [
                        426.36907880756013,
                        0.0,
                        329.81436920166016,
                        0.0,
                        0.0,
                        426.36907880756013,
                        270.63854026794434,
                        0.0,
                        0.0,
                        0.0,
                        1.0,
                        0.0
                    ]
                },
                {
                    "distCoeffs": [
                        -0.4120468402912696,
                        0.1966220903543309,
                        -0.00012875635344201377,
                        0.0008927485301545325,
                        -0.048571875786582897
                    ],
                    "cameraMatrix": [
                        425.3441850858588,
                        0.0,
                        335.22826505418703,
                        0.0,
                        426.2379130365463,
                        255.6950028755747,
                        0.0,
                        0.0,
                        1.0
                    ],
                    "rectificationMatrix": [
                        0.999960788280107,
                        0.002589633739427581,
                        0.008468512226040985,
                        -0.0025375058387697917,
                        0.9999778046578629,
                        -0.006160459054273553,
                        -0.008484277597132042,
                        0.006138728592859435,
                        0.9999451650190215
                    ],
                    "newCameraMatrix": [
                        426.36907880756013,
                        0.0,
                        329.81436920166016,
                        -25.77661908956949,
                        0.0,
                        426.36907880756013,
                        270.63854026794434,
                        0.0,
                        0.0,
                        0.0,
                        1.0,
                        0.0
                    ]
                }
            ]
        },
        {
            "source": 1,
            "date": "02:17AM on October 17, 2019",
            "baseline": 0.06028851843851474,
            "cameras": [
                {
                    "distCoeffs": [
                        -0.4127261062620352,
                        0.21126015936831002,
                        -0.0002793005658508234,
                        -0.001005958866636992,
                        -0.061706447882830494
                    ],
                    "cameraMatrix": [
                        425.3909884233426,
                        0.0,
                        347.4835414992596,
                        0.0,
                        426.9678832963082,
                        260.0652857277149,
                        0.0,
                        0.0,
                        1.0
                    ],
                    "rectificationMatrix": [
                        0.9999497002414827,
                        0.002212161321563804,
                        -0.009782807841113714,
                        -0.002195093044264681,
                        0.9999960505610666,
                        0.0017551150377257331,
                        0.0097866518021129,
                        -0.0017335525824177622,
                        0.999950606901135
                    ],
                    "newCameraMatrix": [
                        426.0552138065733,
                        0.0,
                        344.0970230102539,
                        0.0,
                        0.0,
                        426.0552138065733,
                        275.3884868621826,
                        0.0,
                        0.0,
                        0.0,
                        1.0,
                        0.0
                    ]
                },
                {
                    "distCoeffs": [
                        -0.3984233088543874,
                        0.17461366400208297,
                        -5.093741357991283e-05,
                        -0.0014024138275874406,
                        -0.03920199089682564
                    ],
                    "cameraMatrix": [
                        424.04444556769425,
                        0.0,
                        359.2260593179299,
                        0.0,
                        425.1425443168384,
                        256.255659115866,
                        0.0,
                        0.0,
                        1.0
                    ],
                    "rectificationMatrix": [
                        0.9999111510103811,
                        0.00620715758998111,
                        0.011796663924514983,
                        -0.006186570110473948,
                        0.9999792771819501,
                        -0.0017808865580783738,
                        -0.011807473707910751,
                        0.001707747439668349,
                        0.9999288310491499
                    ],
                    "newCameraMatrix": [
                        426.0552138065733,
                        0.0,
                        344.0970230102539,
                        -25.68852001245084,
                        0.0,
                        426.0552138065733,
                        275.3884868621826,
                        0.0,
                        0.0,
                        0.0,
                        1.0,
                        0.0
                    ]
                }
            ]
        }
    ]
}